0   0   41   33   36   18   31   12   66   50   48   35   41   35   35   36   50   50   71   42   26   4   74   12   50   50   25   50   27   15   50   50   66   50  50   50   61   36 85   50   31   12   50   50   82   33   90   50   50   50   60   17   50   50   50   50   75   50   50   50   45   35   27   23
59   33   0   0   47   13   58   30   90   50   82   23   52   40   58   16   90   20   37   50   66   16   74   21   44   27   50   50   31   40   50   50   50   50  75   10   77   36 87   25   60   40   50   50   73   11   64   14   82   33   50   50   75   50   50   50   50   50   85   28   89   11   76   10
64   18   53   13   0   0   77   54   64   14   81   50   52   19   45   30   50   50   57   37   39   16   56   11   80   50   80   50   40   20   77   50   60   50  64   50   78   31 70   33   35   30   50   50   75   50   69   12   72   50   92   17   80   50   50   50   82   33   63   25   90   50   70   12
69   12   42   30   33   54   0   0   85   28   72   19   63   25   50   50   64   14   64   42   60   26   68   15   36   37   84   33   20   50   34   50   67   50   30   25   76   50   73   66   61   36   65   50   75   34   38   55   82   33   70   20   87   50   35   50   25   50   75   50   69   30   72   50
34   50   10   50   36   14   15   28   0   0   50   45   60   40   36   34   50   50   43   33   10   50   45   50   40   50   50   50   16   33   50   50   75   50   37   25   26   17   45   50   50   50   50   50   50   50   30   63   50   50   16   33   50   50   50   50   50   50   87   50   77   27   63   17
52   35   18   23   19   50   28   19   50   45   0   0   60   13   61   31   75   50   66   62   56   33   43   22   90   50   50   50   25   50   50   50   50   50   83   50   55   32   50   50   20   50   50   50   41   17   43   28   25   50   80   40   50   50   50   50   50   50   25   50   44   38   57   22
59   35   48   40   48   19   37   25   40   40   40   13   0   0   43   33   75   50   42   50   38   33   40   20   66   50   50   50   24   25   50   50   50   50   43   50   64   15   50   50   50   50   82   50   64   44   25   50   50   50   57   38   60   40   34   50   50   50   40   40   50   50   45   25
65   36   42   16   55   30   50   50   74   34   39   31   57   33   0   0   90   50   25   50   58   33   79   18   80   50   80   50   36   18   70   50   80   50   80   50   71   8   50   50   46   18   75   50   73   33   59   17   70   50   90   50   80   50   88   50   50   50   92   50   75   10   84   17
50   50   10   20   50   50   36   14   50   50   25   50   25   50   10   50   0   0   85   50   14   50   10   50   17   50   20   50   50   50   50   50   50   50   25   25   45   50   50   50   50   50   50   50   50   50   16   33   50   50   50   50   25   50   11   50   85   50   80   50   80   40   38   11
29   42   63   50   43   37   36   42   57   33   44   62   58   50   75   50   15   50   0   0   58   15   43   33   41   16   60   50   45   50   50   50   65   50   75   50   65   40   77   50   66   44   82   50   56   12   41   50   36   33   54   33   83   33   80   50   83   33   50   50   84   11   40   10
76   4   34   16   61   16   40   26   90   50   44   33   62   33   42   33   86   50   42   15   0   0   66   50   40   50   75   50   39   23   80   50   50   50   80   50   63   29   83   33   31   27   52   50   76   14   80   40   65   14   58   17   75   50   69   30   50   50   63   25   81   12   66   30
26   12   26   21   44   11   32   15   55   50   57   22   60   20   21   18   90   50   57   33   34   50   0   0   82   50   50   50   60   50   50   50   64   50   75   50   72   33   67   50   63   25   90   50   40   40   50   50   43   50   40   50   66   50   50   50   50   50   66   50   72   50   45   50
50   50   56   27   20   50   64   37   60   50   10   50   33   50   20   50   83   50   59   16   60   50   18   50   0   0   46   32   37   54   68   28   62   50   50   50   53   50   50   50   73   24   80   50   41   35   50   50   74   17   50   50   50   50   50   50   50   50   50   50   50   50   77   50
75   50   50   50   20   50   16   33   50   50   50   50   50   50   20   50   80   50   40   50   25   50   50   50   54   32   0   0   46   35   50   50   58   50   43   29   50   50   42   50   41   42   75   50   36   27   50   50   50   50   50   50   50   50   50   50   50   50   30   60   45   50   50   50
73   15   69   40   60   20   80   50   84   33   75   50   76   25   64   18   50   50   50   50   61   23   40   50   63   54   54   35   0   0   88   50   90   50   87   50   76   15   80   50   57   28   82   33   56   28   81   33   85   50   80   40   50   50   50   50   93   14   81   12   75   50   57   38
50   50   50   50   33   50   66   50   50   50   50   50   50   50   40   50   50   50   50   50   20   50   50   50   32   28   50   50   12   50   0   0   70   50   50   50   23   50   50   50   14   24   50   50   23   34   50   50   18   33   58   50   50   50   50   50   50   50   50   50   50   50   50   50
34   50   50   50   40   50   33   50   25   50   50   50   50   50   20   50   50   50   35   50   50   50   34   50   38   50   42   50   10   50   30   50   0   0   70   50   50   50   50   50   70   50   50   50   37   50   50   50   50   50   50   50   50   50   50   50   50   50   80   50   50   50   50   50
50   50   25   10   36   50   70   25   63   25   17   50   57   50   20   50   75   25   25   50   15   50   25   50   50   50   57   29   13   50   50   50   30   50   0   0   50   50   50   50   29   25   18   33   62   13   50   50   50   50   30   60   50   50   50   50   25   50   50   50   50   50   38   50
39   36   33   36   22   31   34   50   74   17   45   32   36   15   29   8   55   50   25   40   37   29   38   33   47   50   50   50   24   15   77   50   50   50   50   50   0   0   33   66   36   18   50   50   56   28   30   20   20   50   50   50   75   50   85   50   50   50   34   50   78   31   68   55
15   50   13   25   30   33   33   66   55   50   50   50   50   50   50   50   50   50   23   50   17   33   33   50   50   50   58   50   20   50   50   50   50   50   50   50   67   66   0   0   50   50   36   33   20   50   17   50   12   25   25   50   75   24   45   50   40   40   50   50   50   50   50   50
68   12   40   40   65   30   39   36   50   50   80   50   50   50   54   16   86   50   36   44   69   27   37   25   33   24   59   43   43   28   86   14   30   50   71   25   64   18   50   50   0   0   78   15   75   30   75   25   77   50   65   50   71   50   85   50   75   25   78   14   87   50   85   28
50   50   50   50   50   50   35   50   50   50   50   50   18   50   25   50   50   50   18   50   48   50   10   50   20   50   25   50   18   33   50   50   50   50   82   33   50   50   64   33   22   15   0   0   38   75   50   50   37   25   50   50   50   50   45   22   54   30   30   50   38   25   50   50
18   33   27   11   25   50   25   34   50   50   59   17   34   44   33   33   50   50   44   12   24   14   60   40   59   35   64   27   44   28   77   34   63   50   38   13   44   28   80   50   25   30   62   75   0   0   50   50   66   50   22   50   50   50   80   50   75   50   40   40   66   50   30   20
10   50   36   14   31   12   62   55   70   63   57   28   75   50   41   17   84   33   59   50   20   40   50   50   50   50   50   50   19   33   50   50   50   50   50   50   70   20   83   50   25   25   50   50   50   50   0   0   50   50   67   66   50   50   50   50   50   50   50   50   41   16   50   50
50   50   18   33   28   50   18   33   50   50   75   50   50   50   30   50   50   50   74   33   35   14   57   50   36   17   50   50   15   50   82   33   50   50   50   50   80   50   88   25   23   50   63   25   34   50   50   50   0   0   60   50   90   50   50   50   67   50   29   41   75   50   56   50
40   17   50   50   8   17   30   20   84   33   20   40   43   38   10   50   50   50   46   33   42   17   60   50   50   50   50   50   20   40   42   50   50   50   70   60   50   50   75   50   35   50   50   50   78   50   33   66   40   50   0   0   80   50   25   50   60   50   50   50   59   44   90   20
50   50   25   50   20   50   13   50   50   50   50   50   40   40   20   50   75   50   17   33   25   50   34   50   50   50   50   50   50   50   50   50   50   50   50   50   25   50   25   24   29   50   50   50   50   50   50   50   10   50   20   50   0   0   47   31   44   22   50   50   50   50   18   33
50   50   50   50   50   50   65   50   50   50   50   50   66   50   22   50   89   50   20   50   31   30   50   50   50   50   50   50   50   50   50   50   50   50   50   50   15   50   55   50   15   50   55   22   20   50   50   50   50   50   75   50   53   31   0   0   51   25   50   50   33   50   32   50
25   50   50   50   18   33   75   50   50   50   50   50   50   50   50   50   15   50   17   33   50   50   50   50   50   50   50   50   7   14   50   50   50   50   75   50   50   50   60   40   25   25   46   30   75   50   50   50   33   50   40   50   66   22   49   25   0   0   29   28   50   50   50   50
50   50   15   28   37   25   25   50   13   50   75   50   60   40   8   50   20   50   50   50   37   25   34   50   50   50   70   60   19   12   50   50   20   50   50   50   66   50   50   50   22   14   70   50   60   40   50   50   71   41   50   50   50   50   50   50   71   28   0   0   50   50   50   50
55   35   11   22   10   50   31   30   33   27   56   38   50   50   25   10   20   40   16   11   19   12   28   50   50   50   55   50   25   50   50   50   50   50   50   50   22   31   50   50   13   50   62   25   34   50   59   16   25   50   41   44   50   50   66   50   50   50   50   50   0   0   30   30
63   23   14   20   30   14   28   50   37   17   43   22   55   25   16   17   72   11   60   10   34   30   55   50   33   50   50   50   43   38   50   50   50   50   62   50   32   55   50   50   15   28   50   50   70   20   50   50   44   50   10   20   82   33   68   50   50   50   50   50   70   30   0   0